  0.60226271171883416        3.8828132291242764E-012  -3.1114299598248286E-002  -9.9119386901918103E-003   3.5425008408366741E-013  -6.8540581578247113E-003   4.6038989504459678E-002
   3.8828132291242764E-012  0.60512136306951236       -7.6909727525543467E-014  -8.8832587982501209E-014   4.2781243712178500E-002  -6.4796012404389096E-013   5.1424548299866372E-013
  -3.1114299598248286E-002  -7.6909727525543467E-014  0.23494175722291052        1.0159978443876581E-002  -5.5389493774707679E-013  -2.3808349049282442E-002  -5.6249567280737718E-002
  -9.9119386901918103E-003  -8.8832587982501209E-014   1.0159978443876581E-002  0.21524778720869142        3.3252960286733629E-013   3.0251787813512135E-002  -1.6030269758663829E-002
   3.5425008408366741E-013   4.2781243712178500E-002  -5.5389493774707679E-013   3.3252960286733629E-013  0.25501605682840761       -9.4282487189545566E-013   2.3721882429256035E-013
  -6.8540581578247113E-003  -6.4796012404389096E-013  -2.3808349049282442E-002   3.0251787813512135E-002  -9.4282487189545566E-013  0.18790344643019277        9.1440565858261951E-004
   4.6038989504459678E-002   5.1424548299866372E-013  -5.6249567280737718E-002  -1.6030269758663829E-002   2.3721882429256035E-013   9.1440565858261951E-004  0.27203885132687211     
   3.8826469667211258E-012  0.41684019260501576       -3.6549243876052865E-014  -7.6746109605932835E-014   4.4516748460582754E-002  -6.8548414210951111E-013   4.5016671645913346E-013
  0.41684019260501576       -3.8283951741200557E-012  -3.6560591647579743E-002  -1.2305211759542420E-002  -4.7632367608405971E-013  -5.7342850688826899E-003   5.8529529635590806E-002
  -3.6517844364698148E-014  -3.6560591647579743E-002  -5.4214916502129046E-014  -2.8753906255061531E-015  -5.0066537542650634E-002   7.2321273655783146E-013  -1.7765003632987818E-013
  -7.6740884259681223E-014  -1.2305211759542420E-002  -2.8753906255061531E-015  -3.0081050967972772E-015  -1.7027569341626914E-002   2.4326914495499586E-013  -7.3188676471112920E-014
   4.4516748460582782E-002  -4.7632367608405971E-013  -5.0066537542650634E-002  -1.7027569341626914E-002  -1.6239859732881163E-013   1.6125247721257170E-003   2.9255603962892219E-002
  -6.8548414210951111E-013  -5.7342850688826899E-003   7.2321273655783146E-013   2.4326914495499586E-013   1.6125247721257170E-003  -4.6419953292758533E-014  -4.1649679805868572E-013
   4.5016671645913346E-013   5.8529529635590806E-002  -1.7765003632987818E-013  -7.3188676471112920E-014   2.9255603962892219E-002  -4.1649679805868572E-013   2.3198911542666583E-013
  -3.1114299598248258E-002  -3.6549243876052865E-014   5.6656535958260427E-003   1.5734306652358829E-003  -1.4024955886666500E-014   1.2026173313619043E-004  -8.3292537895422441E-003
  -3.6549243876052865E-014  -3.1675879733773074E-002  -2.9105799923243349E-014  -2.3933833646948276E-015  -6.8160399359442478E-003   1.0013999474482697E-013  -2.2580298740392319E-015
   5.6656535958260427E-003  -2.9105799923243349E-014   9.9882801775761313E-003  -3.5735917347506452E-004  -7.4068966488769044E-014  -3.8586837715006237E-003  -2.7970323855574233E-003
   1.5734306652358864E-003  -2.3948916921458711E-015  -3.5735917347506452E-004   6.5159245123451700E-003   2.8164475039049182E-014   2.5137609864971412E-003   1.6496211497538441E-004
  -1.4019039361529929E-014  -6.8160399359442538E-003  -7.4068966488769044E-014   2.8164475039049182E-014   9.7981799386428012E-003  -4.1675413108411524E-014   2.6854994301958408E-014
   1.2026173313619043E-004   1.0013999474482697E-013  -3.8586837715006237E-003   2.5137609864971412E-003  -4.1675413108411524E-014   6.7440856040143771E-003   1.4734595075479025E-003
  -8.3292537895422441E-003  -2.2580298740392319E-015  -2.7970323855574233E-003   1.6496211497538441E-004   2.6854994301958408E-014   1.4734595075479025E-003   1.0012949473557985E-002
  -9.9119386901918068E-003  -7.6746109605932835E-014   1.5734306652358829E-003   1.9868206055608300E-003  -8.5708470643761370E-015   3.1841886123854462E-004  -2.9547906660851529E-003
  -7.6746109605932835E-014  -1.0128713120298128E-002  -2.1795808100868221E-015  -2.2999699653471017E-015  -2.4345306912360348E-003   3.5152988764521964E-014  -1.0877662991109286E-014
   1.5734306652358829E-003  -2.1795808100868221E-015   1.0426113075253816E-003   4.1577679856567382E-003   5.5126402183065810E-015   4.4807238220614883E-004   1.0343135275440215E-004
   1.9868206055608300E-003  -2.2999699653471017E-015   4.1577679856567382E-003   6.3365320486358633E-003   6.5803897345886685E-014   4.4520533097190049E-003  -3.1470712635829575E-003
  -8.5678904958737459E-015  -2.4345306912360340E-003   5.5093147669556606E-015   6.5803897345886685E-014   4.7153736075872723E-003  -5.9280287880521437E-014  -1.5445262798486984E-014
   3.1841886123854462E-004   3.5152988764521964E-014   4.4807238220614883E-004   4.4520533097190049E-003  -5.9280287880521437E-014   4.4157928362507156E-004  -1.0038057549177745E-003
  -2.9547906660851529E-003  -1.0877662991109286E-014   1.0343135275440215E-004  -3.1470712635829575E-003  -1.5445262798486984E-014  -1.0038057549177745E-003   4.5372471716737615E-003
   3.5426400252905669E-013   4.4516748460582754E-002  -1.4024955886666500E-014  -8.5708470643761370E-015   8.3252213800570490E-003  -1.1732629981946453E-013   6.7655717124139324E-014
   4.4516748460582754E-002  -4.6894940440730412E-013  -6.4281812668085699E-003  -2.2534723363433367E-003  -7.6124545564456437E-014  -4.4927180612097878E-004   9.1246786206849052E-003
  -1.4024955886666500E-014  -6.4281812668085699E-003  -7.1582870228748695E-014   1.2443384721850735E-014   3.7513719372396196E-003  -1.7194432749992275E-014   1.6137426248841623E-014
  -8.5708470643761370E-015  -2.2534723363433367E-003   1.2443384721850735E-014  -4.1818132907742001E-015   1.6604621224144711E-003  -2.5101306297056959E-014  -1.3283913466017335E-014
   8.3252213800570490E-003  -7.6124545564456437E-014   3.7513719372396196E-003   1.6604621224144711E-003  -1.1110535569723813E-013  -1.1491851808860488E-003  -3.9690990290805977E-005
  -1.1732629981946453E-013  -4.4927180612097878E-004  -1.7194432749992275E-014  -2.5101306297056959E-014  -1.1491851808860488E-003  -9.5242486106935235E-016  -2.0326551016770491E-014
   6.7655717124139324E-014   9.1246786206849052E-003   1.6137426248841623E-014  -1.3283913466017335E-014  -3.9690990290805977E-005  -2.0326551016770491E-014  -3.0183200315521954E-014
  -6.8540581578247113E-003  -6.8549136790469293E-013   1.2026173313619115E-004   3.1841886123854538E-004  -1.1732552217681405E-013   4.6981686780350968E-004  -3.3249113081168708E-004
  -6.8549136790469293E-013  -6.8851704251565241E-003   9.4554948252330278E-014   3.2327504649683193E-014  -3.0579530724790467E-004   1.0041711557476461E-014  -1.3697164970759136E-013
   1.2026173313619115E-004   9.4554948252330278E-014  -4.4877175500848705E-003   1.1052318371277316E-003  -1.6261279854734664E-014   2.4279925278090312E-003   1.6417648915909742E-003
   3.1841886123854538E-004   3.2327504649683193E-014   1.1052318371277316E-003  -3.7706623179274197E-004  -2.2298386534868369E-014  -7.9242823124694284E-005  -7.4359241132769440E-004
  -1.1732552217681405E-013  -3.0579530724790467E-004  -1.6261279854734664E-014  -2.2298386534868369E-014  -3.7041477498269467E-003   3.5103809713040832E-014  -2.1433821530745103E-014
   4.6981686780350968E-004   1.0041711557476461E-014   2.4279925278090312E-003  -7.9242823124694284E-005   3.5103809713040832E-014                       NaN                       NaN
  -3.3249113081168708E-004  -1.3697164970759136E-013   1.6417648915909742E-003  -7.4359241132769440E-004  -2.1433821530745103E-014                       NaN                       NaN
   4.6038989504459678E-002   4.5020907023874262E-013  -8.3292537895422458E-003  -2.9547906660851455E-003   6.7651423085670077E-014  -3.3249113081168318E-004   1.3128152764084015E-002
   4.5020907023874262E-013   4.7032254631576162E-002  -7.0736778370369051E-016  -9.7381687804416229E-015   9.7399154396360117E-003  -1.4715788045618289E-013   6.5928602077332567E-014
  -8.3292537895422458E-003  -7.0736778370369051E-016  -1.3356356711274135E-002  -1.1795159525503762E-003   6.2876274967051389E-014   4.7487318610444813E-003   4.0074743537043475E-003
  -2.9547906660851455E-003  -9.7381687804416229E-015  -1.1795159525503762E-003  -1.0964312694293864E-002  -6.9597618973792344E-014  -4.8242300030564844E-003   1.3136887237490018E-003
   6.7651423085670077E-014   9.7399154396360117E-003   6.2876274967051389E-014  -6.9597618973792344E-014  -1.2252722096181352E-002   4.2195042723610568E-014   3.0085028355308783E-015
  -3.3249113081168318E-004  -1.4715788045618289E-013   4.7487318610444813E-003  -4.8242300030564844E-003   4.2195042723610568E-014                       NaN                       NaN
   1.3128152764084015E-002   6.5928602077332567E-014   4.0074743537043475E-003   1.3136887237490018E-003   3.0085028355308783E-015                       NaN                       NaN
   3.8828132291242764E-012  0.41684019260501576       -3.6549243876052865E-014  -7.6746109605932835E-014   4.4516748460582754E-002  -6.8549136790469293E-013   4.5020907023874262E-013
  0.41684019260501576       -3.8283951741200557E-012  -3.6560591647579743E-002  -1.2305211759542420E-002  -4.7632367608405971E-013  -5.7342850688826899E-003   5.8529529635590806E-002
  -3.6517844364698148E-014  -3.6560591647579743E-002  -5.4214916502129046E-014  -2.8753906255061531E-015  -5.0066537542650634E-002   7.2321273655783146E-013  -1.7765003632987818E-013
  -7.6740884259681223E-014  -1.2305211759542420E-002  -2.8753906255061531E-015  -3.0081050967972772E-015  -1.7027569341626914E-002   2.4326914495499586E-013  -7.3188676471112920E-014
   4.4516748460582782E-002  -4.7632367608405971E-013  -5.0066537542650634E-002  -1.7027569341626914E-002  -1.6239859732881163E-013   1.6125247721257170E-003   2.9255603962892219E-002
  -6.8549136790469293E-013  -5.7342850688826899E-003   7.2321273655783146E-013   2.4326914495499586E-013   1.6125247721257170E-003  -4.6419953292758533E-014  -4.1649679805868572E-013
   4.5020907023874262E-013   5.8529529635590806E-002  -1.7765003632987818E-013  -7.3188676471112920E-014   2.9255603962892219E-002  -4.1649679805868572E-013   2.3198911542666583E-013
  0.60512136306951236       -3.8283951741200557E-012  -3.1675879733773074E-002  -1.0128713120298128E-002  -4.6894940440730412E-013  -6.8851704251565241E-003   4.7032254631576162E-002
  -3.8283951741200557E-012  0.60808046832876272        6.0180365805464194E-013   1.3937980860850553E-013   4.3328147713482035E-002  -5.4975790318467764E-013  -5.6943597521743121E-013
  -3.1675879733773046E-002   6.0180365805464194E-013  0.23417789486763899        1.0068672114833062E-002   3.7946484121073121E-013  -2.3524660534699367E-002  -5.5600649053609043E-002
  -1.0128713120298134E-002   1.3937980860850553E-013   1.0068672114833062E-002  0.21448244563635127        6.4271734396041578E-013   2.9892816858104528E-002  -1.5766453275005473E-002
  -4.6901536100452420E-013   4.3328147713482035E-002   3.7946484121073121E-013   6.4271734396041578E-013  0.25455223124221243       -9.7479286087985728E-013  -3.0265636580725879E-013
  -6.8851704251565241E-003  -5.4975790318467764E-013  -2.3524660534699367E-002   2.9892816858104528E-002  -9.7479286087985728E-013  0.18734715017397063        7.9609774756879848E-004
   4.7032254631576162E-002  -5.6943597521743121E-013  -5.5600649053609043E-002  -1.5766453275005473E-002  -3.0265636580725879E-013   7.9609774756879848E-004  0.27038133205752307     
  -7.6885534570503989E-014  -3.6560591647579757E-002  -2.9105409888545523E-014  -2.1795808100868221E-015  -6.4281812668085699E-003   9.4554112382497994E-014  -7.0507610779970731E-016
  -3.6560591647579757E-002   6.0174817479261182E-013   5.1710429860433406E-003   1.5068632297330980E-003   1.1321933227262455E-013   3.5871745580078962E-004  -7.3914638596125782E-003
  -2.9105409888545523E-014   5.1710429860433406E-003  -9.0605393515205633E-014   6.7837224309586278E-015  -2.7365169896642009E-003   7.7228943245377567E-014  -1.5605029253921746E-014
  -2.1773998122605948E-015   1.5068632297330967E-003   6.7837224309586278E-015  -4.8433850283119014E-014  -4.9716779299454283E-004  -1.1147009153279133E-014  -1.1246384379595143E-014
  -6.4281812668085785E-003   1.1322584671269533E-013  -2.7365169896642009E-003  -4.9716779299454283E-004  -3.9553520569349462E-014   1.1871917586848560E-003  -5.5870599561339462E-004
   9.4554112382497994E-014   3.5871745580078962E-004   7.7228943245377567E-014  -1.1147009153279133E-014   1.1871917586848560E-003  -9.5180421385485551E-014   5.2335554262213727E-015
  -7.0507610779970731E-016  -7.3914638596125782E-003  -1.5605029253921746E-014  -1.1246384379595143E-014  -5.5870599561339462E-004   5.2335554262213727E-015  -7.7218889579780191E-014
  -8.8835114681782869E-014  -1.2305211759542425E-002  -2.3933833646948276E-015  -2.2983629093829747E-015  -2.2534723363433367E-003   3.2324757383795077E-014  -9.7411460281032818E-015
  -1.2305211759542425E-002   1.3936244785450443E-013   1.5068632297330980E-003   1.4466562349937698E-003   3.1852477565024905E-014   2.0471144509775444E-004  -2.5419388944523127E-003
  -2.3933833646948276E-015   1.5068632297330980E-003  -7.1301421125054121E-016  -2.8946056674429332E-014  -4.7651112398091629E-004   1.3828765697168064E-015  -3.8425866355892702E-015
  -2.2983629093829747E-015   1.4466562349937698E-003  -2.8946056674429332E-014  -3.6657178340700949E-014  -2.2265594554752078E-003   3.8779596125856696E-015   7.8829301748315534E-015
  -2.2534723363433367E-003   3.1854475763902419E-014  -4.7651112398091515E-004  -2.2265594554752078E-003  -4.2417805731777385E-014  -5.4818843041478022E-004  -1.2830761457221606E-004
   3.2324757383795077E-014   2.0471144509775444E-004   1.3828765697168064E-015   3.8779596125856696E-015  -5.4818843041478022E-004   1.9353343664477854E-014   5.7053320562228121E-015
  -9.7411460281032818E-015  -2.5419388944523127E-003  -3.8425866355892702E-015   7.8829301748315534E-015  -1.2830761457221606E-004   5.7053320562228121E-015  -2.7805576680992947E-014
   4.2781243712178493E-002  -4.7624029416073200E-013  -6.8160399359442478E-003  -2.4345306912360348E-003  -7.6120556657001198E-014  -3.0579530724790467E-004   9.7399154396360151E-003
  -4.7624029416073200E-013   4.3328147713481993E-002   1.1321933227262455E-013   3.1852477565024905E-014   9.1648141761425661E-003  -1.2563908681874206E-013  -1.0102154213524664E-013
  -6.8160399359442478E-003   1.1321933227262455E-013  -1.2100997960767287E-002  -1.6925182233783194E-003   5.4868021225915917E-014   4.1712540910208411E-003  -1.3594201516122029E-003
  -2.4345306912360348E-003   3.1852477565024905E-014  -1.6925182233783194E-003  -8.9323275808070954E-003  -7.1505242211778508E-014  -4.1027330817777659E-003  -5.6187994727954728E-004
  -7.6120556657001198E-014   9.1648141761425661E-003   5.4868021225915917E-014  -7.1505242211778508E-014  -1.5085974817137205E-002   1.1090874115306026E-013  -4.2160745836998099E-014
  -3.0579530724790467E-004  -1.2563908681874206E-013   4.1712540910208411E-003  -4.1027330817777659E-003   1.1090874115306026E-013  -7.3183323979182351E-003  -7.4300041453094316E-004
   9.7399154396360151E-003  -1.0102154213524664E-013  -1.3594201516122029E-003  -5.6187994727954728E-004  -4.2160745836998099E-014  -7.4300041453094316E-004  -9.6493932169857671E-003
  -6.4796012404389096E-013  -5.7342850688827151E-003   1.0013999474482697E-013   3.5152988764521964E-014  -4.4927180612097878E-004   1.0041711557476461E-014  -1.4715788045618289E-013
  -5.7342850688827151E-003  -5.4975790318467764E-013   3.5871745580078637E-004   2.0471144509775290E-004  -1.2564173975161691E-013   3.0455048366732554E-004  -6.6472423028209006E-004
   1.0014326581131952E-013   3.5871745580078637E-004   2.2021369322313092E-013   1.6705296831524147E-014   1.4612919072131798E-003  -1.0708422981321230E-013   1.9154862584729001E-014
   3.5154513992580708E-014   2.0471144509775290E-004   1.6705296831524147E-014   1.3647114195661516E-013  -2.2252554328967296E-004   6.9097655442579975E-014   1.3100176162694287E-014
  -4.4927180612098073E-004  -1.2564173975161691E-013   1.4612919072131798E-003  -2.2252554328967296E-004   2.3087229042822473E-013  -9.0871778865419834E-004  -6.7121066445022834E-004
   1.0041711557476461E-014   3.0455048366732554E-004  -1.0708422981321230E-013   6.9097655442579975E-014  -9.0871778865419834E-004                       NaN                       NaN
  -1.4715788045618289E-013  -6.6472423028209006E-004   1.9154862584729001E-014   1.3100176162694287E-014  -6.7121066445022834E-004                       NaN                       NaN
   5.1424548299866372E-013   5.8529529635590861E-002  -2.2580298740392319E-015  -1.0877662991109286E-014   9.1246786206849052E-003  -1.3697164970759136E-013   6.5928602077332567E-014
   5.8529529635590861E-002  -5.6943597521743121E-013  -7.3914638596125661E-003  -2.5419388944523105E-003  -1.0105367463377520E-013  -6.6472423028208843E-004   1.1437299049526074E-002
  -2.2486270582814880E-015  -7.3914638596125661E-003   9.7288822110256857E-015  -4.7609121554355442E-015  -1.6800060535463730E-003   1.7906277711944787E-014  -4.5750315112776174E-014
  -1.0874695798696455E-014  -2.5419388944523105E-003  -4.7609121554355442E-015   1.7945350289696340E-014  -4.4262179738812301E-004   1.3150513477607677E-014  -1.4309422876047101E-014
   9.1246786206849242E-003  -1.0105367463377520E-013  -1.6800060535463730E-003  -4.4262179738812301E-004  -2.4965932551867106E-014  -6.5959314357810729E-004   7.3073428857872800E-004
  -1.3697164970759136E-013  -6.6472423028208843E-004   1.7906277711944787E-014   1.3150513477607677E-014  -6.5959314357810729E-004                       NaN                       NaN
   6.5928602077332567E-014   1.1437299049526074E-002  -4.5750315112776174E-014  -1.4309422876047101E-014   7.3073428857872800E-004                       NaN                       NaN
  -3.1114299598248286E-002  -3.6549243876052865E-014   5.6656535958260427E-003   1.5734306652358829E-003  -1.4024955886666500E-014   1.2026173313619115E-004  -8.3292537895422458E-003
  -3.6549243876052865E-014  -3.1675879733773074E-002  -2.9105799923243349E-014  -2.3933833646948276E-015  -6.8160399359442478E-003   1.0013999474482697E-013  -2.2580298740392319E-015
   5.6656535958260427E-003  -2.9105799923243349E-014   9.9882801775761313E-003  -3.5735917347506452E-004  -7.4068966488769044E-014  -3.8586837715006237E-003  -2.7970323855574233E-003
   1.5734306652358864E-003  -2.3948916921458711E-015  -3.5735917347506452E-004   6.5159245123451700E-003   2.8164475039049182E-014   2.5137609864971412E-003   1.6496211497538441E-004
  -1.4019039361529929E-014  -6.8160399359442538E-003  -7.4068966488769044E-014   2.8164475039049182E-014   9.7981799386428012E-003  -4.1675413108411524E-014   2.6854994301958408E-014
   1.2026173313619115E-004   1.0013999474482697E-013  -3.8586837715006237E-003   2.5137609864971412E-003  -4.1675413108411524E-014   6.7440856040143771E-003   1.4734595075479025E-003
  -8.3292537895422458E-003  -2.2580298740392319E-015  -2.7970323855574233E-003   1.6496211497538441E-004   2.6854994301958408E-014   1.4734595075479025E-003   1.0012949473557985E-002
  -7.6909727525543467E-014  -3.6560591647579743E-002  -2.9105409888545523E-014  -2.1795808100868221E-015  -6.4281812668085699E-003   9.4554948252330278E-014  -7.0736778370369051E-016
  -3.6560591647579743E-002   6.0180365805464194E-013   5.1710429860433406E-003   1.5068632297330980E-003   1.1321933227262455E-013   3.5871745580078637E-004  -7.3914638596125661E-003
  -2.9105409888545523E-014   5.1710429860433406E-003  -9.0605393515205633E-014   6.7837224309586278E-015  -2.7365169896642009E-003   7.7228943245377567E-014  -1.5605029253921746E-014
  -2.1773998122605948E-015   1.5068632297330967E-003   6.7837224309586278E-015  -4.8433850283119014E-014  -4.9716779299454283E-004  -1.1147009153279133E-014  -1.1246384379595143E-014
  -6.4281812668085785E-003   1.1322584671269533E-013  -2.7365169896642009E-003  -4.9716779299454283E-004  -3.9553520569349462E-014   1.1871917586848560E-003  -5.5870599561339462E-004
   9.4554948252330278E-014   3.5871745580078637E-004   7.7228943245377567E-014  -1.1147009153279133E-014   1.1871917586848560E-003  -9.5180421385485551E-014   5.2335554262213727E-015
  -7.0736778370369051E-016  -7.3914638596125661E-003  -1.5605029253921746E-014  -1.1246384379595143E-014  -5.5870599561339462E-004   5.2335554262213727E-015  -7.7218889579780191E-014
  0.23494175722291052       -5.4214916502129046E-014   9.9882801775761313E-003   1.0426113075253816E-003  -7.1582870228748695E-014  -4.4877175500848705E-003  -1.3356356711274135E-002
  -5.4214916502129046E-014  0.23417789486763899       -9.0605393515205633E-014  -7.1301421125054121E-016  -1.2100997960767287E-002   2.2021369322313092E-013   9.7288822110256857E-015
   9.9882801775761313E-003  -9.0605393515205633E-014  0.36058615359589730       -1.9475811434358152E-003  -1.0909700566778299E-012  -7.8265618842450271E-002   1.7081671319792190E-003
   1.0426113075253807E-003  -7.1356541794096695E-016  -1.9475811434358152E-003  0.26500314344752207        6.3807737232994796E-013   4.7666487177919416E-002   1.3175596155795301E-002
  -7.1583493644997874E-014  -1.2100997960767301E-002  -1.0909700566778299E-012   6.3807737232994796E-013  0.34160233939630508       -1.0066195308864694E-012   5.3517904533409910E-014
  -4.4877175500848705E-003   2.2021369322313092E-013  -7.8265618842450271E-002   4.7666487177919416E-002  -1.0066195308864694E-012  0.27039210848029566        2.3666080170062164E-003
  -1.3356356711274135E-002   9.7288822110256857E-015   1.7081671319792190E-003   1.3175596155795301E-002   5.3517904533409910E-014   2.3666080170062164E-003  0.33795791033721490     
   1.0159978443876587E-002  -2.8650635998132287E-015  -3.5735917347505487E-004   4.1577679856567382E-003   1.2443384721850735E-014   1.1052318371277312E-003  -1.1795159525503863E-003
  -2.8650635998132287E-015   1.0068672114833121E-002   6.7746078821448255E-015  -2.8947673552092321E-014  -1.6925182233783194E-003   1.6698945613971861E-014  -4.7793896079406524E-015
  -3.5735917347505487E-004   6.7746078821448255E-015  -1.9475811434357562E-003   3.7230684536547265E-002   8.6787878419307445E-014   8.0969043688501417E-003   9.9670845273174598E-003
   4.1577679856567382E-003  -2.8947673552092321E-014   3.7230684536547265E-002   3.9091768363892401E-002   5.0368685320024360E-013   3.3824143122472609E-002  -4.6754020630237255E-003
   1.2440210042364426E-014  -1.6925182233783155E-003   8.6787702236454416E-014   5.0368685320024360E-013   2.9302388852623679E-002  -5.6996393336166071E-013  -4.7847410291295332E-014
   1.1052318371277312E-003   1.6698945613971861E-014   8.0969043688501417E-003   3.3824143122472609E-002  -5.6996393336166071E-013  -1.1961309667353625E-002  -4.1925164325796738E-003
  -1.1795159525503863E-003  -4.7793896079406524E-015   9.9670845273174598E-003  -4.6754020630237255E-003  -4.7847410291295332E-014  -4.1925164325796738E-003   2.6014908557972088E-002
  -5.5393300001959461E-013  -5.0066537542650648E-002  -7.4068017811868119E-014   5.5126402183065810E-015   3.7513719372396196E-003  -1.6261851572826168E-014   6.2868652864403315E-014
  -5.0066537542650648E-002   3.7939893748802504E-013  -2.7365169896642009E-003  -4.7651112398091629E-004   5.4863311135296609E-014   1.4612919072131822E-003  -1.6800060535463732E-003
  -7.4068017811868119E-014  -2.7365169896642009E-003  -1.0909698398373954E-012   8.6787878419307445E-014   6.6023932106497193E-002  -2.8293115022204154E-013   2.9038097585107319E-014
   5.5126402183065810E-015  -4.7651112398091629E-004   8.6787878419307445E-014  -2.1769004952043092E-013   1.9200548841112025E-002  -5.2578261262702120E-013  -6.2243929272049653E-014
   3.7513719372396196E-003   5.4863311135296609E-014   6.6023932106497193E-002   1.9200548841112025E-002  -1.2276843883987412E-012  -1.2037407056021160E-002  -1.4959159764356348E-003
  -1.6261851572826168E-014   1.4612919072131822E-003  -2.8293115022204154E-013  -5.2578261262702120E-013  -1.2037407056021160E-002  -1.3706578578227694E-013  -2.6850278606286247E-014
   6.2868652864403315E-014  -1.6800060535463732E-003   2.9038097585107319E-014  -6.2243929272049653E-014  -1.4959159764356348E-003  -2.6850278606286247E-014  -8.1365306813662884E-013
  -2.3808349049282442E-002   7.2321273655783146E-013  -3.8586837715006224E-003   4.4807238220614883E-004  -1.7194432749992275E-014   2.4279925278090312E-003   4.7487318610444813E-003
   7.2321273655783146E-013  -2.3524660534699367E-002   7.7231573819033942E-014   1.3828765697168064E-015   4.1712540910208411E-003  -1.0708422981321230E-013   1.7906277711944787E-014
  -3.8586837715006224E-003   7.7231573819033942E-014  -7.8265618842450271E-002   8.0969043688502405E-003  -2.8293084745518023E-013   4.6843505409697353E-002   1.3794609662139243E-003
   4.4807238220612904E-004   1.3751067574335163E-015   8.0969043688502405E-003  -1.8052269496705860E-002  -5.1747176294523766E-013  -1.8505020713278569E-002  -5.1124759665834253E-003
  -1.7192524617991081E-014   4.1712540910208186E-003  -2.8293084745518023E-013  -5.1747176294523766E-013  -6.2091334250051186E-002   5.4991084887678446E-013  -3.0452693163302008E-014
   2.4279925278090312E-003  -1.0708422981321230E-013   4.6843505409697353E-002  -1.8505020713278569E-002   5.4991084887678446E-013                       NaN                       NaN
   4.7487318610444813E-003   1.7906277711944787E-014   1.3794609662139243E-003  -5.1124759665834253E-003  -3.0452693163302008E-014                       NaN                       NaN
  -5.6249567280737718E-002  -1.7765003632987818E-013  -2.7970323855574194E-003   1.0343135275440215E-004   1.6137426248841623E-014   1.6417648915909742E-003   4.0074743537043475E-003
  -1.7765003632987818E-013  -5.5600649053609043E-002  -1.5602085800127484E-014  -3.8425866355892702E-015  -1.3594201516122029E-003   1.9154862584729001E-014  -4.5750315112776174E-014
  -2.7970323855574194E-003  -1.5602085800127484E-014   1.7081671319792190E-003   9.9670845273174720E-003   2.9056370162130292E-014   1.3794609662139382E-003   6.2935715263018249E-002
   1.0343135275440248E-004  -3.8404282794000668E-015   9.9670845273174720E-003  -6.8464914642928174E-003  -1.7056252253193829E-015  -9.3745078337115868E-004   1.6058030177378425E-002
   1.6139495095893872E-014  -1.3594201516122081E-003   2.9056370162130292E-014  -1.7056252253193829E-015  -2.9109060406654393E-003  -7.8174396451607874E-014  -1.3017106502735794E-013
   1.6417648915909742E-003   1.9154862584729001E-014   1.3794609662139382E-003  -9.3745078337115868E-004  -7.8174396451607874E-014                       NaN                       NaN
   4.0074743537043475E-003  -4.5750315112776174E-014   6.2935715263018249E-002   1.6058030177378425E-002  -1.3017106502735794E-013                       NaN                       NaN
  -9.9119386901918103E-003  -7.6746109605932835E-014   1.5734306652358829E-003   1.9868206055608300E-003  -8.5708470643761370E-015   3.1841886123854538E-004  -2.9547906660851455E-003
  -7.6746109605932835E-014  -1.0128713120298128E-002  -2.1795808100868221E-015  -2.2999699653471017E-015  -2.4345306912360348E-003   3.5152988764521964E-014  -1.0877662991109286E-014
   1.5734306652358829E-003  -2.1795808100868221E-015   1.0426113075253816E-003   4.1577679856567382E-003   5.5126402183065810E-015   4.4807238220614883E-004   1.0343135275440215E-004
   1.9868206055608300E-003  -2.2999699653471017E-015   4.1577679856567382E-003   6.3365320486358633E-003   6.5803897345886685E-014   4.4520533097190049E-003  -3.1470712635829575E-003
  -8.5678904958737459E-015  -2.4345306912360340E-003   5.5093147669556606E-015   6.5803897345886685E-014   4.7153736075872723E-003  -5.9280287880521437E-014  -1.5445262798486984E-014
   3.1841886123854538E-004   3.5152988764521964E-014   4.4807238220614883E-004   4.4520533097190049E-003  -5.9280287880521437E-014   4.4157928362507156E-004  -1.0038057549177745E-003
  -2.9547906660851455E-003  -1.0877662991109286E-014   1.0343135275440215E-004  -3.1470712635829575E-003  -1.5445262798486984E-014  -1.0038057549177745E-003   4.5372471716737615E-003
  -8.8832587982501209E-014  -1.2305211759542420E-002  -2.3933833646948276E-015  -2.2983629093829747E-015  -2.2534723363433367E-003   3.2327504649683193E-014  -9.7381687804416229E-015
  -1.2305211759542420E-002   1.3937980860850553E-013   1.5068632297330980E-003   1.4466562349937698E-003   3.1852477565024905E-014   2.0471144509775290E-004  -2.5419388944523105E-003
  -2.3933833646948276E-015   1.5068632297330980E-003  -7.1301421125054121E-016  -2.8946056674429332E-014  -4.7651112398091629E-004   1.3828765697168064E-015  -3.8425866355892702E-015
  -2.2983629093829747E-015   1.4466562349937698E-003  -2.8946056674429332E-014  -3.6657178340700949E-014  -2.2265594554752078E-003   3.8779596125856696E-015   7.8829301748315534E-015
  -2.2534723363433367E-003   3.1854475763902419E-014  -4.7651112398091515E-004  -2.2265594554752078E-003  -4.2417805731777385E-014  -5.4818843041478022E-004  -1.2830761457221606E-004
   3.2327504649683193E-014   2.0471144509775290E-004   1.3828765697168064E-015   3.8779596125856696E-015  -5.4818843041478022E-004   1.9353343664477854E-014   5.7053320562228121E-015
  -9.7381687804416229E-015  -2.5419388944523105E-003  -3.8425866355892702E-015   7.8829301748315534E-015  -1.2830761457221606E-004   5.7053320562228121E-015  -2.7805576680992947E-014
   1.0159978443876581E-002  -2.8753906255061531E-015  -3.5735917347506452E-004   4.1577679856567382E-003   1.2443384721850735E-014   1.1052318371277316E-003  -1.1795159525503762E-003
  -2.8753906255061531E-015   1.0068672114833062E-002   6.7837224309586278E-015  -2.8947673552092321E-014  -1.6925182233783194E-003   1.6705296831524147E-014  -4.7609121554355442E-015
  -3.5735917347506452E-004   6.7837224309586278E-015  -1.9475811434358152E-003   3.7230684536547265E-002   8.6787878419307445E-014   8.0969043688502405E-003   9.9670845273174720E-003
   4.1577679856567382E-003  -2.8947673552092321E-014   3.7230684536547265E-002   3.9091768363892401E-002   5.0368685320024360E-013   3.3824143122472609E-002  -4.6754020630237255E-003
   1.2440210042364426E-014  -1.6925182233783155E-003   8.6787702236454416E-014   5.0368685320024360E-013   2.9302388852623679E-002  -5.6996393336166071E-013  -4.7847410291295332E-014
   1.1052318371277316E-003   1.6705296831524147E-014   8.0969043688502405E-003   3.3824143122472609E-002  -5.6996393336166071E-013  -1.1961309667353625E-002  -4.1925164325796738E-003
  -1.1795159525503762E-003  -4.7609121554355442E-015   9.9670845273174720E-003  -4.6754020630237255E-003  -4.7847410291295332E-014  -4.1925164325796738E-003   2.6014908557972088E-002
  0.21524778720869142       -3.0081050967972772E-015   6.5159245123451700E-003   6.3365320486358633E-003  -4.1818132907742001E-015  -3.7706623179274197E-004  -1.0964312694293864E-002
  -3.0081050967972772E-015  0.21448244563635127       -4.8433850283119014E-014  -3.6657178340700949E-014  -8.9323275808070954E-003   1.3647114195661516E-013   1.7945350289696340E-014
   6.5159245123451700E-003  -4.8433850283119014E-014  0.26500314344752207        3.9091768363892401E-002  -2.1769004952043092E-013  -1.8052269496705860E-002  -6.8464914642928174E-003
   6.3365320486358633E-003  -3.6657178340700949E-014   3.9091768363892401E-002  0.29414844694168596        9.8467250675046135E-013   6.7435538949545418E-002  -5.1330789875734693E-003
  -4.1804283919054393E-015  -8.9323275808070798E-003  -2.1768682740709956E-013   9.8467250675046135E-013  0.28590551578296508       -7.9745817731489258E-013  -4.8560202931817242E-014
  -3.7706623179274197E-004   1.3647114195661516E-013  -1.8052269496705860E-002   6.7435538949545418E-002  -7.9745817731489258E-013  0.22794497150668552       -3.9112178658705175E-003
  -1.0964312694293864E-002   1.7945350289696340E-014  -6.8464914642928174E-003  -5.1330789875734693E-003  -4.8560202931817242E-014  -3.9112178658705175E-003  0.28594798956153850     
   3.3251219803433611E-013  -1.7027569341626934E-002   2.8163590736652248E-014   6.5807016121198475E-014   1.6604621224144659E-003  -2.2299067096766795E-014  -6.9598648976441532E-014
  -1.7027569341626934E-002   6.4271207905751334E-013  -4.9716779299454098E-004  -2.2265594554752087E-003  -7.1503153883718114E-014  -2.2252554328967481E-004  -4.4262179738812859E-004
   2.8163590736652248E-014  -4.9716779299454098E-004   6.3807893087057091E-013   5.0368394618316862E-013   1.9200548841112004E-002  -5.1746682053399210E-013  -1.6983720778125465E-015
   6.5807016121198475E-014  -2.2265594554752087E-003   5.0368394618316862E-013   9.8466977591623940E-013   2.1969405145456436E-002   5.3156881174726801E-013  -8.6071400581702049E-014
   1.6604621224144659E-003  -7.1503153883718114E-014   1.9200548841112004E-002   2.1969405145456436E-002   1.0538071424064156E-012   4.4945477215562156E-003  -4.5050416974603863E-004
  -2.2299067096766795E-014  -2.2252554328967481E-004  -5.1746682053399210E-013   5.3156881174726801E-013   4.4945477215562156E-003   4.8271895159213252E-014  -1.3953573958196025E-014
  -6.9598648976441532E-014  -4.4262179738812859E-004  -1.6983720778125465E-015  -8.6071400581702049E-014  -4.5050416974603863E-004  -1.3953573958196025E-014   9.3549060930196994E-013
   3.0251787813512135E-002   2.4326914495499586E-013   2.5137609864971412E-003   4.4520533097189971E-003  -2.5101306297056959E-014  -7.9242823124694284E-005  -4.8242300030564844E-003
   2.4326914495499586E-013   2.9892816858104528E-002  -1.1147009153279133E-014   3.8855967348201733E-015  -4.1027330817777659E-003   6.9097655442579975E-014   1.3150513477607677E-014
   2.5137609864971412E-003  -1.1147009153279133E-014   4.7666487177919416E-002   3.3824143122472589E-002  -5.2578261262702120E-013  -1.8505020713278569E-002  -9.3745078337115868E-004
   4.4520533097189971E-003   3.8855967348201733E-015   3.3824143122472589E-002   6.7435538949545418E-002   5.3156824006843712E-013   5.7618998042257279E-002  -5.8165275306694911E-003
  -2.5116313731624152E-014  -4.1027330817777702E-003  -5.2577888741154950E-013   5.3156824006843712E-013   6.6345014712524741E-002  -8.0189524185238500E-013  -4.8900397293383012E-015
  -7.9242823124694284E-005   6.9097655442579975E-014  -1.8505020713278569E-002   5.7618998042257279E-002  -8.0189524185238500E-013                       NaN                       NaN
  -4.8242300030564844E-003   1.3150513477607677E-014  -9.3745078337115868E-004  -5.8165275306694911E-003  -4.8900397293383012E-015                       NaN                       NaN
  -1.6030269758663829E-002  -7.3188676471112920E-014   1.6496211497538441E-004  -3.1470712635829597E-003  -1.3283913466017335E-014  -7.4359241132769440E-004   1.3136887237490018E-003
  -7.3188676471112920E-014  -1.5766453275005473E-002  -1.1246384379595143E-014   7.8812494605665687E-015  -5.6187994727954728E-004   1.3100176162694287E-014  -1.4309422876047101E-014
   1.6496211497538441E-004  -1.1246384379595143E-014   1.3175596155795301E-002  -4.6754020630237186E-003  -6.2243929272049653E-014  -5.1124759665834253E-003   1.6058030177378425E-002
  -3.1470712635829597E-003   7.8812494605665687E-015  -4.6754020630237186E-003  -5.1330789875734693E-003  -8.6089037680309182E-014  -5.8165275306694946E-003   2.3022882301544187E-002
  -1.3280021047594211E-014  -5.6187994727955172E-004  -6.2254255423006741E-014  -8.6089037680309182E-014   3.5099446267835349E-003   2.6423685011951484E-014   9.0869873517394695E-014
  -7.4359241132769440E-004   1.3100176162694287E-014  -5.1124759665834253E-003  -5.8165275306694946E-003   2.6423685011951484E-014                       NaN                       NaN
   1.3136887237490018E-003  -1.4309422876047101E-014   1.6058030177378425E-002   2.3022882301544187E-002   9.0869873517394695E-014                       NaN                       NaN
   3.5425008408366741E-013   4.4516748460582754E-002  -1.4024955886666500E-014  -8.5708470643761370E-015   8.3252213800570490E-003  -1.1732552217681405E-013   6.7651423085670077E-014
   4.4516748460582754E-002  -4.6894940440730412E-013  -6.4281812668085699E-003  -2.2534723363433367E-003  -7.6124545564456437E-014  -4.4927180612097878E-004   9.1246786206849052E-003
  -1.4024955886666500E-014  -6.4281812668085699E-003  -7.1582870228748695E-014   1.2443384721850735E-014   3.7513719372396196E-003  -1.7194432749992275E-014   1.6137426248841623E-014
  -8.5708470643761370E-015  -2.2534723363433367E-003   1.2443384721850735E-014  -4.1818132907742001E-015   1.6604621224144711E-003  -2.5101306297056959E-014  -1.3283913466017335E-014
   8.3252213800570490E-003  -7.6124545564456437E-014   3.7513719372396196E-003   1.6604621224144711E-003  -1.1110535569723813E-013  -1.1491851808860488E-003  -3.9690990290805977E-005
  -1.1732552217681405E-013  -4.4927180612097878E-004  -1.7194432749992275E-014  -2.5101306297056959E-014  -1.1491851808860488E-003  -9.5242486106935235E-016  -2.0326551016770491E-014
   6.7651423085670077E-014   9.1246786206849052E-003   1.6137426248841623E-014  -1.3283913466017335E-014  -3.9690990290805977E-005  -2.0326551016770491E-014  -3.0183200315521954E-014
   4.2781243712178500E-002  -4.7632367608405971E-013  -6.8160399359442478E-003  -2.4345306912360348E-003  -7.6120556657001198E-014  -3.0579530724790467E-004   9.7399154396360117E-003
  -4.7632367608405971E-013   4.3328147713482035E-002   1.1321933227262455E-013   3.1852477565024905E-014   9.1648141761425661E-003  -1.2564173975161691E-013  -1.0105367463377520E-013
  -6.8160399359442478E-003   1.1321933227262455E-013  -1.2100997960767287E-002  -1.6925182233783194E-003   5.4868021225915917E-014   4.1712540910208411E-003  -1.3594201516122029E-003
  -2.4345306912360348E-003   3.1852477565024905E-014  -1.6925182233783194E-003  -8.9323275808070954E-003  -7.1505242211778508E-014  -4.1027330817777659E-003  -5.6187994727954728E-004
  -7.6120556657001198E-014   9.1648141761425661E-003   5.4868021225915917E-014  -7.1505242211778508E-014  -1.5085974817137205E-002   1.1090874115306026E-013  -4.2160745836998099E-014
  -3.0579530724790467E-004  -1.2564173975161691E-013   4.1712540910208411E-003  -4.1027330817777659E-003   1.1090874115306026E-013  -7.3183323979182351E-003  -7.4300041453094316E-004
   9.7399154396360117E-003  -1.0105367463377520E-013  -1.3594201516122029E-003  -5.6187994727954728E-004  -4.2160745836998099E-014  -7.4300041453094316E-004  -9.6493932169857671E-003
  -5.5389493774707679E-013  -5.0066537542650634E-002  -7.4068966488769044E-014   5.5126402183065810E-015   3.7513719372396196E-003  -1.6261279854734664E-014   6.2876274967051389E-014
  -5.0066537542650634E-002   3.7946484121073121E-013  -2.7365169896642009E-003  -4.7651112398091629E-004   5.4863311135296609E-014   1.4612919072131798E-003  -1.6800060535463730E-003
  -7.4068966488769044E-014  -2.7365169896642009E-003  -1.0909700566778299E-012   8.6787878419307445E-014   6.6023932106497193E-002  -2.8293084745518023E-013   2.9056370162130292E-014
   5.5126402183065810E-015  -4.7651112398091629E-004   8.6787878419307445E-014  -2.1769004952043092E-013   1.9200548841112025E-002  -5.2578261262702120E-013  -6.2243929272049653E-014
   3.7513719372396196E-003   5.4863311135296609E-014   6.6023932106497193E-002   1.9200548841112025E-002  -1.2276843883987412E-012  -1.2037407056021160E-002  -1.4959159764356348E-003
  -1.6261279854734664E-014   1.4612919072131798E-003  -2.8293084745518023E-013  -5.2578261262702120E-013  -1.2037407056021160E-002  -1.3706578578227694E-013  -2.6850278606286247E-014
   6.2876274967051389E-014  -1.6800060535463730E-003   2.9056370162130292E-014  -6.2243929272049653E-014  -1.4959159764356348E-003  -2.6850278606286247E-014  -8.1365306813662884E-013
   3.3252960286733629E-013  -1.7027569341626914E-002   2.8164475039049182E-014   6.5803897345886685E-014   1.6604621224144659E-003  -2.2298386534868369E-014  -6.9597618973792344E-014
